-0.7369244245 -0.7271000979
-0.08269973595 -1.007163968
-0.5620816276 2.113737112
0.3577294335 1.187207511
0.8693857925 5.353888184
0.03883274405 1.726029492
-0.9308557791 3.094668717
0.05940038628 0.5460082789
-0.9846036279 4.205377229
-0.8663155255 -3.109796733
0.3735454248 1.262321222
0.8608729899 5.032292714
0.05385755552 1.093612005
0.3078379244 0.7231187474
0.402381189 3.777019684
0.52439608 1.575988489
-0.9050709732 3.043179081
-0.3435315477 1.831902735
0.5128209723 2.89510459
-0.2693226582 2.672320771
0.9651005726 5.49741798
0.5067116704 2.908869827
-0.8546282344 1.464171062
0.7694142576 3.768782843
-0.127177189 -1.97075093
-0.04453646976 2.297562543
-0.4501863198 -1.588322809
-0.6669855996 3.719213648
0.7953125735 4.207765005
-0.8788713449 -1.893584178
0.009045789869 0.9938332903
-0.3619341178 -1.40508438
-0.01204662959 1.941668795
-0.8185342108 1.175426281
-0.8525018496 1.096229758
-0.2317157041 -1.118110486
0.8276348841 2.803317804
-0.0711083501 0.7301543357
-0.8998320326 1.513825222
0.540409094 4.934498775
-0.7492692488 3.485299607
0.3769106021 2.960418867
0.2590868362 1.821757497
0.4508239973 -0.6971410198
0.7771444281 3.974430691
-0.3873563382 2.391720134
0.02654740436 1.129056126
0.6919631206 3.609468577
0.6830212791 -1.182132813
-0.1692107691 0.2894661005
-0.064165263 0.1704618914
-0.6433445926 3.731643193
0.1433096214 2.198957099
-0.9338924914 2.721124445
-0.003039761883 0.7564207546
0.4965853025 1.020020919
0.7814749631 5.984650156
0.6840792255 5.856468388
-0.5744969709 0.2567322831
-0.7391454764 0.6861921324
-0.450823705 1.65621406
-0.1714134739 3.035492636
0.4196391855 3.921347607
-0.5201783903 -1.009016479
-0.3649209274 1.913694438
0.3041173724 1.629178408
0.3626924274 3.118706533
-0.224549326 2.088470434
-0.7049339937 -0.7212581076
0.6911513193 2.064853362
0.9108176534 4.849576576
-0.703696876 2.645811429
-0.1824666124 -0.1310156382
0.1297973611 1.871713475
-0.02297090159 -2.725049626
0.9221902819 7.473790263
-0.6004856019 0.1960819066
0.2585383128 3.127799815
0.3025074829 2.578982902
0.6061459922 2.934306495
-0.04713639412 1.306813692
-0.593499331 2.387202074
0.8033469979 2.082245177
-0.7159579362 0.5675349352
-0.1793739286 -0.7002359002
0.7712967423 0.006294996907
-0.6756028967 0.5568794302
-0.2693219429 2.120797022
-0.729781264 0.2879967244
-0.08938543155 3.765260599
-0.09539966168 0.4485718334
0.8633488013 5.463854321
-0.5695032318 -1.897121246
0.8178437711 5.289592059
0.7217196719 3.007457281
0.01191175029 -1.46602499
0.6351229662 1.303933525
-0.07551004115 1.728742001
0.2654774005 3.152141997
0.649394774 4.97843658
