-0.453029 2.63903 1
1.42958 1.52905 1
3.65785 3.04081 1
0.623729 5.37155 1
0.937645 2.00524 0
5.65467 3.69795 1
2.93387 3.92064 1
2.49241 2.14299 1
3.69049 0.936644 1
4.16826 0.0118628 0
5.8871 2.67857 1
6.2391 1.79733 1
3.93348 -0.328312 1
2.31047 0.620829 0
1.224 1.60053 1
0.366288 -1.08671 0
4.64704 3.41685 1
3.40106 3.55029 1
-1.5901 3.21626 0
3.31299 1.26575 1
2.25105 1.93662 1
4.35877 0.902937 1
1.37639 1.15686 0
1.29306 4.49392 1
0.35146 -0.835295 0
3.58377 -0.26106 1
0.867779 1.2509 0
0.758667 0.0677669 0
6.78412 -0.164446 1
2.82039 -0.278648 0
0.684195 6.20619 1
4.03202 3.80702 1
1.44146 1.47176 0
0.865972 0.96428 0
6.45412 0.967397 1
2.01586 0.997638 0
2.17874 2.0428 0
1.8319 -1.5755 0
1.4425 1.29026 0
3.21775 4.39521 1
-1.00109 0.356306 0
0.828731 0.538113 0
3.08084 3.27195 0
-0.160454 0.437882 0
1.4558 0.333212 1
0.42632 -1.67068 0
0.884189 3.0945 0
3.00956 1.50174 1
5.61808 -0.242753 1
-0.189437 2.08585 0
0.270248 1.41726 0
0.729524 0.270049 0
2.85256 0.274633 0
3.21612 0.70024 0
6.1248 1.99802 1
0.00878983 2.4156 0
4.08057 0.0594934 1
5.33597 1.08717 1
3.10738 -0.136685 0
2.0703 5.61456 1
3.71886 3.20484 1
-1.75611 0.18087 0
0.0571558 2.05673 1
1.55254 -0.559242 0
-0.152882 0.533578 0
-0.984078 -0.307532 0
1.47239 0.244829 0
0.232335 0.595055 0
1.23299 3.24015 1
2.63466 -0.491848 0
3.27505 1.46189 1
1.31011 -0.321729 0
6.60152 0.777209 1
7.42729 3.26958 1
2.96465 5.60825 1
-0.57917 1.58128 0
0.665158 0.20853 0
3.83418 -0.904739 0
-0.685067 0.530257 0
1.84989 -1.00933 1
1.19987 -0.61517 1
1.57998 4.96384 1
0.793753 -1.30251 0
3.11344 0.207897 1
-0.448082 1.11239 0
3.69881 2.8571 1
2.33604 2.23122 0
3.42995 3.11721 1
-0.809499 3.69838 0
3.10781 0.308633 0
2.21352 1.34441 0
3.45393 3.57928 1
2.93224 3.20018 0
6.33294 0.737772 1
4.59306 3.82009 1
-1.02098 2.44383 0
6.50396 5.92559 1
1.213 3.16325 1
0.48872 2.20388 1
4.47839 1.02652 0
