-0.00638974 0.221532 0
4.34293 6.26608 1
8.38869 5.33344 1
-0.0666157 0.992041 0
6.81639 5.45557 1
8.17036 2.22493 1
3.41567 3.54132 1
-1.19852 1.76215 0
3.50735 4.0158 1
-2.44475 2.17471 0
1.64416 5.52449 1
0.240848 0.935889 0
1.1075 0.988937 0
2.74906 4.09037 1
0.192457 0.342513 0
0.666727 2.17029 0
-0.610405 7.98278 1
0.169107 -0.801802 0
4.07511 3.87284 1
-1.12627 3.94559 0
3.22421 2.33861 1
2.01401 0.937801 0
2.45376 6.29391 1
1.74247 6.2994 1
2.39117 2.55127 1
0.306698 0.707577 0
1.74474 3.91206 1
-1.19519 3.34854 0
3.62214 0.322633 0
1.81103 -1.14809 0
2.69399 5.66146 1
5.58095 3.07599 1
-1.62117 4.42631 0
3.82541 0.110525 0
-1.48379 0.795521 0
0.5278 3.37415 1
1.96034 1.74119 0
1.62185 -2.56656 0
0.184789 2.08842 0
5.58732 2.45211 1
-1.61134 1.6285 0
0.866381 1.73162 0
7.53754 2.70871 1
3.48797 0.688491 1
1.29674 -0.866278 0
-0.842315 1.14647 0
-0.227487 -0.18572 0
7.11169 -0.16684 1
6.83092 3.34859 1
0.527066 0.522534 0
0.959109 2.44982 0
1.16647 6.01584 1
1.97572 1.56327 0
0.218001 -0.322234 0
5.65501 2.72245 1
-1.87573 1.79946 0
1.65464 -1.36463 0
0.0741121 1.52154 0
1.38418 -0.475862 0
2.51963 4.09789 1
2.89463 1.69449 1
-1.0788 1.8022 0
2.3726 1.82077 1
4.20322 2.68684 1
0.561034 4.85178 1
0.0665372 2.32788 0
2.38189 3.02751 1
1.14415 -0.160081 0
0.826029 2.04462 0
-1.44326 1.39783 0
3.08731 7.25202 1
-0.137598 2.33441 0
-1.7024 1.96774 0
-0.716909 0.635629 0
1.32779 5.32807 1
1.77058 5.32713 1
0.239836 0.864653 0
1.77553 1.5385 0
0.0996436 -0.195977 0
-0.033316 0.975736 0
-1.27041 -1.72676 0
0.801184 -0.76903 0
0.697979 0.656002 0
0.102405 1.79394 0
6.37775 2.99094 1
3.0976 4.11463 1
1.44316 2.82447 1
1.62292 2.74775 1
-0.408982 3.12176 0
-0.381915 6.22954 1
-0.13411 6.28827 1
2.06912 0.395567 0
1.84325 3.37629 1
0.845828 2.12132 0
6.02799 0.563607 1
0.381963 0.604307 0
-0.624979 4.23917 1
2.72389 0.0998631 0
2.36458 4.57859 1
1.37979 3.62701 1
